109 199 108 198 106 199 107 198 105 197 
103 198 104 25 114 59 125 60 126 61 
127 62 126 63 128 64 129 65 128 39 
129 66 130 65 139 85 140 79 141 80 
143 87 142 80 144 81 145 88 144 87 
141 85 152 84 139 86 144 82 149 86 
138 84 148 83 150 82 147 83 151 84 
144 89 147 88 141 89 143 79 144 83 
146 81 148 88 143 86 147 80 134 81 
149 84 141 86 145 82 146 85 147 84 
145 80 148 85 136 86 142 89 140 88 
142 85 144 90 146 88 139 77 135 63 
127 38 126 59 124 36 123 5 110 3 
109 1 117 32 116 62 128 61 125 37 
142 79 148 82 70 86 140 87 147 79 
146 84 142 51 112 55 114 58 125 57 
113 56 124 57 123 62 125 7 66 139 
64 127 60 115 31 116 58 124 60 132 
79 149 80 69 92 71 85 145 83 149 
85 138 88 156 86 148 87 138 64 136 
62 134 85 74 94 70 88 182 61 115 
56 123 61 133 60 121 3 120 34 121 
61 139 63 138 47 111 53 144 91 70 
93 80 150 81 147 77 148 58 126 8 
68 94 69 89 146 87 145 89 139 62 
137 64 6 124 55 113 53 114 31 136 
63 152 83 72 87 139 60 150 84 143 
52 113 30 114 7 116 1 108 191 100 
23 101 196 102 197 104 24 114 54 112 
50 141 90 145 79 139 48 111 194 95 
69 93 76 147 78 148 89 185 64 135 
61 137 63 141 62 5 111 51 110 193 
91 72 85 151 82 136 65 137 88 71 
90 143 85 150 78 142 90 140 60 181 
61 151 89 184 63 140 61 122 35 140 
64 153 84 140 62 138 61 124 62 133 
85 137 32 115 8 116 63 134 83 142 
82 152 89 157 99 22 100 156 98 69 
96 70 89 183 62 135 86 146 80 132 
42 133 59 149 77 88 149 87 137 58 
123 55 135 60 182 62 121 4 122 60 
136 61 141 60 138 65 154 84 73 86 
150 79 133 63 161 61 184 62 160 60 
128 10 129 11 130 40 129 76 137 46 
178 51 113 7 115 30 112 195 97 69 
90 148 76 140 65 127 9 69 91 141 
59 138 33 117 64 134 82 143 81 151 
62 152 86 134 60 120 2 119 33 137 
78 146 75 137 86 71 94 83 143 64 
184 65 135 85 153 83 138 58 139 90 
185 62 162 64 141 36 140 49 177 50 
110 0 108 29 111 52 183 88 152 87 
70 9 116 71 134 61 4 110 199 105 
188 93 186 90 147 57 137 60 158 85 
157 98 155 66 137 59 181 63 143 62 
181 64 126 172 44 171 85 156 97 21 
99 69 88 150 90 149 89 137 84 157 
101 155 67 131 41 132 59 139 34 138 
32 136 59 131 12 123 54 145 78 131 
66 138 57 139 78 149 91 146 77 150 
89 138 175 130 63 121 10 72 84 134 
16 90 182 63 5 122 56 112 53 123 
60 184 54 121 168 122 63 163 65 143 
60 183 61 159 59 135 17 92 193 101 
69 84 133 177 134 58 131 61 120 62 
159 105 28 106 189 65 165 117 9 118 
2 109 49 176 138 174 48 176 135 174 
49 112 4 123 75 145 91 136 45 175 
131 60 187 61 132 68 95 70 114 23 
113 24 103 158 58 140 66 182 65 162 
60 142 63 131 83 137 90 76 87 179 
134 59 157 87 71 93 187 65 141 37 
143 61 160 73 137 81 92 177 132 62 
142 64 183 63 125 64 130 62 186 94 
79 138 173 135 175 48 173 139 67 156 
89 153 86 151 199 93 68 97 15 134 
89 186 91 137 82 154 63 110 1 118 
33 139 172 46 177 135 58 141 66 185 
60 180 47 173 127 172 135 79 175 133 
58 157 69 100 157 102 156 68 96 20 
95 71 115 57 159 60 161 74 122 3 
119 166 65 7 157 105 156 84 158 61 
163 64 161 62 188 104 157 65 156 87
151 90 73 118 166 60 179 52 112 2 
110 162 66 136 56 147 91 142 65 6 
114 26 106 157 103 69 87 178 50 176 
129 63 185 61 162 75 94 185 65 144 
62 163 66 142 77 175 49 110 163 115 
25 113 196 100 145 64 165 63 132 175 
139 68 98 22 109 48 177 131 82 71 
159 10 127 80 133 174 139 80 138 67 
8 127 171 135 44 169 42 134 90 153 
1 119 60 186 59 183 65 145 92 137 
74 147 73 117 72 94 19 104 27 167 
61 144 78 89 158 101 192 143 71 144 
64 156 103 159 72 116 0 107 190 100 
68 157 62 4 109 63 162 59 180 88 
75 172 140 67 130 177 138 90 183 58 
132 64 124 36 117 35 139 176 131 84 
136 57 140 59 184 91 135 31 137 80 

178 138 78 143 66 165 60 151 78 141 
67 142 61 180 58 136 55 180 62 153 
63 160 12 124 172 85 132 176 130 60 
169 122 62 168 59 166 133 173 140 171 
43 159 63 180 57 132 81 136 92 70 
97 14 132 178 131 64 146 195 98 158 
64 133 176 134 175 47 179 51 182 98 
20 106 156 104 69 102 158 87 154 62 
164 63 146 55 137 79 177 51 175 136 
80 8 119 74 89 37 126 173 85 159 
67 137 56 185 93 73 121 35 116 56 
135 87 150 91 139 171 72 115 165 59 
160 91 148 75 86 157 66 158 70 98 
146 74 144 63 187 64 159 65 161 13 
125 12 75 139 36 86 154 66 144 60
 
168 29 107 191 142 81 133 167 59 169 
43 160 105 155 65 181 58 186 61 3 
75 122 11 74 171 141 83 132 179 61 
165 38 91 71 96 143 91 134 57 185 
91 80 154 90 152 78 140 68 99 158 
62 145 77 92 178 52 182 142 68 158 
65 133 178 59 123 64 166 57 164 64 
160 58 113 70 99 23 102 152 0 115 
70 142 36 87 131 62 166 61 168 41 
169 121 72 169 77 137 93 18 88 184 
66 145 63 111 162 118 32 79 154 85 
181 49 173 46 174 45 170 60 167 76 
141 172 48 108 47 172 133 179 131 40 
144 100 158 105 69 158 82 135 81 128 
79 165 58 185 59 187 90 158 63 155 
106 159 58 130 57 133 164 66 159 42 
157 64 5 156 101 159 68 141 97 147 
65 160 44 161 59 158 83 135 84 70 
100 142 38 127 59 182 64 148 92 138 
75 140 174 47 176 78 164 67 143 68 
138 76 173 134 178 93 136 77 172 43 
135 80 158 42 175 137 34 117 60 145 
193 144 73 95 143 58 167 62 129 177 
53 133 88 153 82 93 39 165 118 0 
117 166 53 134 87 153 61 169 63 123 
76 4 120 59 170 135 30 108 20 109 
192 89 15 162 91 183 57 160 66 187 
62 146 65 167 54 178 49 108 155 103 
68 101 197 107 155 87 132 174 76 163 
56 180 48 182 50 175 140 170 61 164 
65 186 63 167 64 154 81 158 67 94 
39 128 166 115 73 119 75 93 17 86 
158 91 151 88 132 82 33 136 78 168 
43 133 165 67 163 113 0 106 158 8 
79 90 184 55 134 174 50 173 75 169 
58 182 91 153 65 134 92 149 58 168 
63 4 155 79 151 102 155 104 18 102 
198 109 30 134 172 61 129 178 58 179 
56 94 146 73 162 74 145 99 156 63 
124 171 126 9 81 139 167 66 146 97 
71 10 81 160 72 144 77 140 183 53 
179 55 122 77 138 186 64 169 62 108 
46 175 86 161 90 135 57 179 59 130 
82 34 116 33 140 92 79 136 87 17 
104 159 31 158 71 145 102 68 164 59 
171 61 157 67 166 58 177 45 173 51 
164 77 130 178 60 188 140 69 141 170 
62 155 83 34 84 155 97 145 67 160 
68 92 147 63 166 66 147 196 92 194 
94 187 89 161 45 172 59 151 64 168 
55 138 97 157 82 9 128 53 132 84 
16 91 74 118 72 95 141 173 44 177 
139 82 162 67 146 101 145 41 155 100 
141 70 81 34 160 99 146 60 3 155 
85 35 123 6 117 31 132 180 138 179 
92 153 51 181 57 131 56 2 74 158 
75 156 83 136 74 148 95 19 89 36 
88 155 64 150 59 119 168 57 169 45 
160 33 162 55 185 50 164 73 168 67 
144 102 70 167 57 158 48 160 85 69 
112 1 54 183 68 165 121 77 158 96 
146 76 145 61 156 96 13 76 122 73 
188 63 157 60 172 49 159 91 78 165 
21 98 141 96 67 136 94 73 149 66 
183 134 181 50 162 44 174 141 81 94 
40 169 65 149 95 147 67 185 137 44 
168 77 143 39 171 73 166 121 71 146 
100 151 65 168 54 180 137 184 58 161 
68 131 79 134 54 111 157 81 129 60 
163 18 136 35 138 82 156 53 135 72 
158 73 11 123 79 14 88 37 163 47 
164 60 114 198 150 61 152 91 138 56 
169 79 33 120 58 164 90 157 76 149 
102 150 48 181 54 136 88 181 137 94 
58 172 138 167 40 95 67 132 56 182 
57 114 71 162 48 157 107 69 160 102 
24 115 198 149 64 111 199 115 62 165 
22 113 2 107 156 57 148 66 128 51 
131 80 177 57 165 37 87 18 105 27 
108 154 89 76 144 68 146 42 160 103 
149 47 158 43 176 140 71 163 34 164 
69 143 73 120 75 90 132 65 148 73 
145 96 12 130 83 133 82 141 77 6 
157 41 166 68 91 187 58 3 59 177 
52 164 126 174 136 43 148 62 172 63 
171 46 162 57 2 117 8 78 134 56 
158 76 135 92 165 74 139 178 55 158 
104 68 169 31 133 181 53 120 165 70 
143 92 146 72 163 77 94 41 167 67 
161 66 186 92 154 73 157 83 139 99 
67 183 137 186 57 170 65 126 7 67 
148 197 108 63 170 46 164 76 155 86 
131 166 69 159 102 17 163 57 157 108 
156 59 176 61 116 75 147 96 21 108 
2 75 132 51 94 13 97 140 80 156 
62 110 52 181 138 81 33 78 93 180 
50 166 139 76 143 74 156 72 11 160 
82 15 133 29 135 34 161 50 167 72 
145 103 154 83 33 80 125 173 61 146 
102 169 30 131 77 155 60 175 80 166 
56 159 70 146 95 56 130 61 118 36 
165 97 137 182 53 178 57 116 73 163 
59 174 87 192 144 69 161 49 111 55 
167 69 108 192 61 94 18 92 150 63 
94 38 168 66 169 120 168 40 166 48 
164 122 52 166 54 177 60 156 91 154 
107 61 148 94 135 88 158 79 156 42 
171 60 152 92 139 180 53 161 73 159 
75 87 159 44 176 51 127 49 163 38 
92 164 56 133 92 74 117 157 47 170 
64 188 90 70 161 81 155 109 62 3 
114 5 121 9 158 107 47 160 100 147 
68 162 16 102 147 98 143 72 168 39 
169 46 179 54 135 89 77 125 56 165 
69 106 190 142 73 151 98 19 105 70 
163 58 156 95 152 65 188 66 171 62 
173 124 5 116 55 156 90 193 61 154 
88 131 55 176 46 161 43 134 180 52 
163 68 145 98 159 83 71 60 4 77 
156 112 57 93 153 2 121 78 177 62 
179 48 159 74 138 93 41 159 55 169 
67 150 74 127 166 25 165 71 167 68 
90 155 92 12 85 161 72 157 91 140 
82 129 57 184 93 149 98 138 96 152 
101 142 69 163 51 167 39 90 159 76 
12 93 152 50 179 76 162 37 164 74 
163 90 36 84 14 85 180 133 55 130 
50 172 64 189 62 175 141 180 51 186 
86 191 60 192 102 170 66 156 81 15 
132 181 56 157 88 159 79 124 17 85 
128 38 170 58 162 70 140 72 164 116 
158 97 143 100 149 63 6 113 69 169 
141 190 68 168 42 135 33 161 75 144 
92 156 76 136 185 68 155 91 79 129 
59 175 63 190 101 70 166 47 168 69 
162 87 163 55 177 61 119 76 161 83 
140 180 49 166 75 163 50 109 51 122 
57 176 52 133 76 150 99 143 101 141 
191 87 11 90 160 86 174 41 96 151 
92 184 56 156 115 159 78 132 54 157 
80 32 161 71 168 45 178 48 167 53 
165 23 166 71 142 179 63 148 97 20 
94 54 96 155 95 153 74 90 189 76 
160 50 165 73 62 107 151 101 147 64 
171 65 172 42 170 67 171 48 170 44 
167 49 165 72 96 144 70 168 46 157 
78 122 58 129 53 184 136 53 154 98 
137 35 86 74 121 59 155 93 64 173 
65 117 5 61 174 58 171 71 98 167 
119 77 160 75 165 51 174 53 121 76 
5 115 34 159 84 95 145 70 160 106 
68 187 67 186 95 144 59 118 3 113 
164 35 135 66 172 128 171 45 176 56 
129 65 196 66 118 78 162 72 166 76 
142 72 148 99 151 95 39 152 77 162 
56 155 80 92 157 95 150 62 194 61 
74 168 53 162 108 159 81 140 96 142 
75 31 77 134 29 105 146 103 70 169 
71 157 75 168 56 178 47 126 84 33 
163 36 85 130 81 131 50 170 69 111 
154 94 157 77 159 86 13 95 154 97 
151 66 6 79 162 83 127 58 176 63 
177 47 167 75 136 30 156 113 195 92 
159 89 16 122 158 46 148 100 139 56 
146 69 109 157 55 181 139 47 171 68 
170 70 164 19 90 40 172 67 188 61 
155 82 163 45 107 28 167 26 104 154 
102 143 193 62 5 65 150 101 144 38 
95 12 94 82 161 84 170 73 92 166 
74 169 51 161 91 165 47 169 119 162 
54 133 32 77 165 52 168 139 93 157 
112 0 114 2 73 155 89 9 120 159 
80 10 86 15 80 34 162 89 180 86 
9 71 170 43 175 64 180 131 54 129 
55 93 148 96 150 100 189 61 178 135 
75 60 193 146 44 94 155 99 140 55 
182 67 190 66 173 63 189 142 74 160 
98 18 137 45 162 113 4 124 8 114 
22 112 23 94 57 96 139 69 147 99 
71 164 20 91 163 78 90 9 88 74 
167 81 32 159 82 127 62 176 91 39 
151 0 111 163 134 76 120 78 130 179 
49 184 135 74 29 73 173 137 54 164 
75 141 99 153 100 168 50 127 163 88 
187 92 158 54 176 60 92 16 83 178 
137 53 131 13 77 62 147 103 187 72 
61 191 62 111 56 177 74 170 56 167 
121 75 5 155 58 150 93 156 114 197 
115 155 78 31 110 53 160 88 192 145 
69 172 125 166 24 112 29 126 10 119 
12 82 164 79 152 59 122 80 129 84 
9 80 162 49 169 73 172 123 158 41 
133 182 54 110 157 74 63 151 93 38 
169 48 107 46 165 35 118 77 93 72 
188 94 49 164 53 155 55 164 123 77 
132 52 167 43 174 62 178 84 127 14 
161 87 61 109 158 95 142 99 149 74 
155 117 168 76 64 4 119 161 92 57 
155 72 172 82 125 72 176 64 129 163 
48 140 93 154 75 28 168 48 165 134 
17 64 190 60 106 162 104 146 93 197 
149 101 148 38 143 75 149 67 175 61 
195 111 50 132 76 87 15 91 10 70 
108 50 158 30 116 36 166 26 131 52 
160 71 141 49 168 92 81 7 118 10 
92 51 162 43 173 68 186 136 96 153 
79 163 89 167 73 85 16 94 37 168 
51 166 122 6 64 195 145 104 160 89 
35 162 95 41 160 92 39 88 193 93 
135 71 149 97 150 66 174 127 57 117 
77 167 45 179 93 145 194 91 17 65 
19 126 57 149 68 172 74 1 113 155 
40 143 93 182 138 54 128 56 96 157 
53 130 32 170 76 124 13 78 161 77 
166 44 136 34 85 185 72 28 74 12 
91 190 61 196 97 144 99 159 45 164 
91 80 160 49 121 57 141 179 135 95 
60 153 66 175 52 134 72 170 75 191 
69 26 115 33 133 77 170 31 160 108 
158 32 134 51 159 11 89 61 2 58 
92 78 166 39 96 154 100 140 169 76 
94 158 45 166 27 114 162 86 129 51 
160 79 90 162 36 167 100 152 99 154 
59 115 1 114 61 78 160 130 54 155 
29 130 39 87 187 137 30 76 118 167 
38 129 166 46 138 184 67 189 66 20 
90 133 16 101 160 83 183 98 150 103 
148 68 174 74 134 33 85 191 66 197 
63 193 64 112 58 128 55 132 26 100 
188 142 102 0 73 96 40 151 80 163 
92 62 11 92 167 99 189 89 14 78 
156 6 118 37 84 162 129 77 178 63 
174 67 22 128 57 95 187 104 149 96 
161 47 162 81 152 98 148 102 161 54 
115 158 120 8 69 183 49 131 11 82 
128 177 72 97 40 171 70 172 76 165 
40 156 94 152 199 116 160 107 44 163 
46 94 52 156 110 44 124 77 88 12 
87 181 93 158 49 128 16 103 196 60 
154 55 166 120 79 161 48 94 59 113 
153 77 171 75 13 87 160 35 142 98 
16 135 41 173 69 186 74 93 11 81 
127 176 53 175 91 166 114 29 162 115 
3 123 78 153 103 172 136 183 55 110 
69 25 167 79 171 93 161 57 154 101 
166 79 9 159 119 72 147 42 94 45 
165 83 8 125 36 137 163 54 93 19 
137 43 95 160 32 135 51 133 183 56 
174 65 176 86 18 123 40 153 72 141 
73 62 195 91 57 174 128 80 152 97 
142 185 70 120 157 79 93 49 118 38 
96 11 124 37 167 117 58 153 94 150 
50 113 71 60 195 149 111 31 76 63 
15 120 11 94 28 130 163 35 88 161 
105 151 68 150 72 191 65 180 75 64 
192 62 86 75 129 52 187 138 73 139 
98 161 37 117 71 28 133 86 97 139 
186 70 173 67 153 41 87 165 44 106 
61 149 108 19 97 54 175 127 167 78 
171 33 167 46 159 96 19 92 162 107 
150 104 152 103 161 55 92 188 74 173 
88 162 52 155 8 77 30 163 16 97 
153 98 189 69 174 42 167 122 34 134 
184 98 165 80 14 64 197 92 185 88 
13 130 52 109 160 120 57 175 68 184 
81 123 171 69 23 85 74 5 125 9 
87 7 78 169 90 176 88 60 79 30 
130 159 107 49 132 173 128 64 174 125 
6 115 167 116 198 61 90 194 93 13 
64 152 49 171 104 161 97 42 155 116 
59 142 178 44 144 98 166 43 96 135 
183 92 169 89 193 84 73 27 118 39 
105 147 110 194 146 187 70 148 45 124 
54 154 2 76 128 162 102 168 116 166 
35 87 185 101 15 98 41 171 82 122 
17 123 74 190 78 124 158 110 61 1 
72 174 77 192 66 4 67 23 111 158 
113 54 160 27 101 191 70 106 45 92 
21 164 38 130 49 129 31 131 19 163 
99 88 68 137 37 125 79 170 85 164 
44 158 78 172 35 82 165 128 52 0 
72 29 156 47 90 58 144 45 156 109 
147 93 53 122 38 123 7 66 77 188 
138 99 161 42 142 187 69 148 48 110 
7 127 52 97 56 92 192 63 195 102 
186 85 165 89 10 62 196 112 59 143 
180 136 182 86 72 186 88 165 110 159 
128 50 142 192 65 175 128 11 117 75 
11 63 78 170 49 157 8 90 26 118 
58 115 160 22 84 169 80 167 91 59 
191 68 188 78 89 194 63 112 21 133 
184 143 177 77 181 90 165 104 147 71 
120 74 178 64 179 140 94 151 103 162 
105 189 68 176 76 3 116 156 46 160 
121 55 127 53 124 7 80 153 50 133 
87 24 68 7 119 32 139 188 69 155 
118 79 183 51 130 10 73 189 101 165 
43 94 17 103 171 76 187 71 177 86 
12 132 30 128 169 83 72 99 183 139 
95 163 105 153 75 27 131 181 140 167 
114 199 61 197 106 161 15 94 47 125 
84 191 63 128 37 127 56 93 22 164 
36 136 163 96 85 169 50 94 189 70 
59 193 66 181 86 24 165 103 56 151 
76 188 95 16 64 110 164 96 37 92 
141 93 82 31 128 178 75 188 88 179 
139 19 67 195 65 190 69 80 119 158 
112 161 111 164 18 125 158 117 38 97 
41 170 81 126 13 63 88 174 71 155 
75 134 41 123 166 90 101 168 93 16 
88 19 130 84 186 140 45 110 151 197 
65 193 76 32 112 159 100 192 82 16 
129 29 163 102 153 59 147 44 157 40 
154 116 70 177 108 150 40 173 78 127 
63 0 64 84 163 25 164 81 31 157 
114 28 95 159 97 182 135 185 71 173 
42 95 138 36 161 107 163 85 190 93 
183 132 13 134 164 83 191 64 194 72 
61 7 79 90 38 124 30 78 175 106 
33 159 93 169 101 153 69 149 107 168 
79 122 171 37 121 56 119 70 81 92 
180 135 67 93 43 164 124 43 155 7 
120 14 126 79 15 118 154 76 27 72 
114 52 135 73 28 162 109 53 163 104 
57 142 93 60 113 21 160 129 30 125 
175 55 165 42 109 146 46 110 32 166 
38 138 45 157 115 161 109 159 47 127 
6 74 130 86 165 96 14 162 97 39 
98 87 76 95 45 128 170 139 187 53 
94 64 18 91 191 82 4 106 46 150 
105 173 77 5 67 192 71 175 69 199 
117 12 77 183 80 170 87 25 100 161 
35 114 150 69 138 31 164 24 137 52 
152 105 166 81 121 33 169 105 59 192 
110 161 108 61 133 30 127 159 20 65 
79 173 131 28 166 37 169 29 76 116 
2 62 197 67 181 136 73 156 48 126 
61 6 81 153 104 3 112 194 144 41 
124 161 95 140 189 75 177 73 91 80 
168 89 181 98 163 39 131 65 198 62 
74 27 152 40 158 114 59 145 23 115 
2 60 174 70 104 151 113 34 168 84 
96 17 136 171 105 68 89 46 93 21 
95 36 121 58 119 150 106 163 28 134 
182 140 56 153 6 95 53 64 199 94 
83 128 77 187 140 177 69 24 96 42 
106 47 130 76 192 146 36 127 54 109 
41 146 47 109 163 101 164 80 180 66 
5 126 80 172 79 102 190 99 162 18 
65 76 175 129 48 127 86 173 72 198 
68 153 26 75 174 131 182 77 88 195 
74 152 66 176 70 139 189 60 71 139 
54 186 83 10 123 20 138 94 141 46 
139 184 69 176 67 92 14 65 194 60 
100 165 111 159 118 169 82 166 93 144 
57 89 164 39 132 32 84 128 26 158 
33 131 38 141 181 91 174 52 120 1 
65 54 118 75 150 112 61 81 171 106 
168 83 21 134 185 79 68 194 66 21 
81 125 160 110 99 184 140 19 68 107 
27 92 53 102 167 29 166 103 164 97 
18 135 63 74 189 79 130 18 90 14 
77 154 114 161 23 86 178 90 35 134 
88 42 119 36 147 107 43 123 161 101 
52 126 50 122 81 181 142 94 163 114 
196 91 170 103 173 104 194 59 190 140 
37 130 48 131 29 96 10 122 35 83 
172 38 149 196 64 135 13 160 117 10 
84 185 69 156 24 100 88 167 93 165 
30 164 40 133 78 192 68 25 73 61 
0 60 87 183 78 174 55 95 47 150 
110 155 9 78 191 96 18 67 198 63 
52 171 98 140 101 162 25 158 118 170 
108 163 43 157 30 74 180 84 6 94 
143 51 108 193 77 64 138 19 125 4 
115 28 129 159 13 82 71 148 56 126 
62 12 161 113 61 85 9 62 190 80 
123 42 98 196 63 114 160 126 73 1 
60 132 20 158 29 79 127 29 136 164 
112 148 196 67 78 154 51 95 195 90 
171 86 8 89 71 189 138 53 115 29 
132 182 141 34 171 57 119 39 122 170 
92 81 173 106 43 156 31 79 66 0 
62 7 128 29 95 137 42 145 94 147 
70 184 84 173 142 174 80 121 50 129 
174 106 151 4 94 149 70 193 73 186 
149 110 29 80 124 167 109 164 114 103 
90 56 141 41 90 190 70 0 97 183 
70 112 5 151 116 105 168 27 120 83 
185 81 165 94 30 73 84 95 44 154 
27 161 21 128 163 97 43 98 40 99 
85 179 65 93 82 179 75 151 67 131 
14 98 169 32 131 20 165 99 187 74 
175 73 199 62 137 96 187 141 189 81 
19 106 153 109 152 68 195 66 134 31 
102 91 178 126 82 124 35 120 13 116 
163 100 184 76 117 3 156 2 59 89 
50 93 172 105 164 108 119 163 122 7 
83 72 25 97 181 135 22 144 94 190 
144 179 72 151 77 27 91 46 97 45 
88 15 65 199 67 194 102 172 108 145 
40 118 4 65 137 17 95 49 126 41 
156 8 62 73 187 100 164 29 109 43 
128 164 42 99 166 97 53 188 79 179 
110 22 161 28 154 41 106 164 115 44 
90 175 87 177 85 74 10 88 25 107 
167 90 49 147 25 126 162 117 164 26 
91 58 93 104 38 119 68 193 67 81 
70 59 128 23 136 65 139 182 78 125 
171 120 37 123 83 94 197 113 168 88 
175 103 27 159 114 168 94 10 82 177 
83 13 65 16 119 153 107 96 47 93 
196 106 172 88 51 120 150 39 142 21 
158 121 164 104 170 40 92 142 51 62 
85 97 44 99 164 17 117 192 70 118 
163 112 155 46 111 1 152 67 56 144 
34 133 12 129 37 97 160 111 148 104 
176 85 32 78 180 142 184 82 178 72 
2 78 60 71 191 80 69 197 60 107 
169 91 173 52 119 41 165 26 127 44 
155 111 57 113 8 95 164 107 118 71 
82 32 106 167 96 16 127 61 4 114 
10 93 44 123 167 30 126 6 128 176 
79 193 107 50 95 37 104 172 87 76 
60 89 77 126 51 136 42 125 164 102 
113 28 126 159 116 161 26 119 0 67 
91 80 182 81 179 143 191 73 6 85 
13 91 171 107 165 132 160 124 170 93 
28 153 115 27 94 169 52 93 5 152 
75 63 138 18 78 184 75 86 192 149 
46 95 48 128 15 64 113 169 104 190 
83 126 39 170 123 16 81 175 96 45 
108 52 90 79 12 63 84 181 75 185 
139 38 121 16 132 11 91 37 154 7 
85 11 65 77 29 94 3 124 40 119 
27 129 9 95 52 123 176 125 29 157 
25 132 40 105 154 43 99 188 96 196 
68 87 53 126 170 35 141 152 107 176 
93 81 178 78 17 68 199 63 139 94 
78 187 136 64 139 26 160 127 27 70 
107 35 94 162 100 89 78 189 92 54 
122 173 82 170 105 149 112 166 109 98 
45 145 196 71 186 135 28 77 120 193 
75 64 53 100 169 106 177 104 115 9 
154 22 163 21 67 82 174 84 17 125 
49 150 44 138 185 86 98 188 71 119 
51 93 198 69 192 91 21 141 185 133 
60 199 66 55 139 39 149 109 169 114 
62 134 22 101 48 125 161 24 140 38 
151 41 161 122 111 58 89 170 127 46 
126 60 110 153 199 113 160 112 162 24 
85 187 175 101 71 199 150 4 156 122 
37 119 160 36 126 43 105 174 102 193 
111 166 110 63 74 95 84 73 62 139 
45 125 59 126 158 10 90 196 123 23 
95 11 76 190 95 30 75 24 95 18 
77 88 34 107 172 91 42 100 185 140 
66 22 136 176 84 40 106 165 113 159 
94 60 86 14 133 49 88 38 98 197 
68 9 92 20 163 117 26 73 179 136 
61 72 192 181 80 20 67 90 102 189 
143 154 42 129 83 70 58 142 56 190 
77 7 95 14 63 52 143 43 92 105 
165 112 33 157 113 184 80 96 162 22 
94 184 87 47 145 39 153 108 180 130 
181 76 65 54 126 176 108 167 104 58 
95 174 121 110 57 46 96 195 69 137 
148 3 152 41 105 175 108 173 80 171 
109 165 116 127 13 133 62 136 89 12 
64 198 98 87 180 76 198 60 71 6 
82 93 36 148 194 128 27 126 20 82 
167 131 59 117 159 122 48 121 171 99 
185 78 66 2 63 113 26 103 91 28 
90 25 130 161 118 168 111 169 103 186 
75 86 31 127 15 163 120 20 157 119 
78 194 121 162 27 155 18 140 62 50 
96 75 128 74 85 131 159 26 70 195 
101 112 199 77 179 190 1 156 23 93 
14 116 4 126 55 108 168 82 30 80 
64 134 63 141 62 84 177 127 158 6 
111 100 44 141 183 81 187 55 141 0 
68 79 92 15 126 78 181 144 37 90 
136 52 138 149 72 61 137 63 136 60 
139 190 116 74 191 103 163 123 155 38 
125 25 70 81 124 58 175 82 71 198 
94 83 72 182 68 11 86 97 194 73 
24 84 167 120 72 189 80 91 199 70 
94 161 131 15 67 17 129 169 81 13 
122 84 165 114 125 46 99 20 113 166 
104 174 90 168 81 172 120 164 118 191 
90 101 167 94 8 68 57 143 41 100 
89 41 52 100 76 17 143 183 194 147 
35 113 172 84 98 44 130 65 140 64 
1 67 140 61 132 86 179 83 150 139 
66 136 178 122 40 29 154 58 145 188 
83 176 81 180 105 93 27 140 63 74 
140 40 108 166 30 93 195 78 6 72 
26 99 88 76 64 137 164 86 68 21 
110 171 102 44 139 37 115 60 131 41 
137 58 132 47 97 85 174 81 92 61 
135 59 138 65 135 62 73 152 113 198 
148 39 104 71 194 109 63 115 74 151 
140 23 125 163 93 106 152 69 80 19 
156 38 87 8 67 191 79 66 55 186 
80 120 109 191 77 9 91 19 165 108 
151 51 107 170 36 122 133 59 132 184 
86 172 117 14 128 28 160 133 63 3 
79 90 65 134 61 138 183 82 185 196 
146 135 60 134 123 169 112 25 110 195 
127 41 99 199 188 54 173 185 80 31 
165 126 45 105 25 101 173 107 194 70 
197 75 187 149 1 70 24 146 43 86 
33 113 171 94 66 77 95 84 73 15 
158 19 132 63 8 130 168 115 61 139 
198 92 104 116 162 123 82 93 69 58 
131 163 24 126 44 119 50 39 84 171 
134 12 154 106 149 49 97 136 147 47 
124 83 173 119 164 27 132 161 121 18 
66 3 77 89 78 67 138 37 150 196 
111 53 64 116 29 75 64 143 21 94 
69 21 154 52 125 83 166 102 51 170 
110 56 112 123 160 96 76 87 16 78 
135 2 68 142 40 139 85 175 188 141 
65 144 155 30 97 81 134 59 137 162 
13 147 60 71 83 94 31 113 72 61 
125 20 72 193 74 85 70 57 136 59 
130 66 81 190 103 91 180 191 144 81 
70 117 161 133 168 99 25 138 51 98 
87 182 84 190 79 119 5 120 46 35 
84 179 129 140 43 127 77 189 0 150 
38 89 73 62 116 157 10 65 54 153 
42 126 113 101 45 147 34 131 62 132 
57 130 182 92 46 142 67 141 192 107 
42 162 38 126 195 81 60 137 177 166 
106 48 100 43 120 161 25 118 171 92 
72 3 14 74 63 142 64 141 66 142 
186 99 182 170 116 77 10 63 126 167 
103 174 83 72 98 76 191 117 173 93 
2 122 20 81 96 85 178 106 170 121 
132 172 109 58 138 66 135 58 1 75 
86 97 73 114 60 71 190 108 196 69 
80 91 188 82 180 83 4 74 96 82 
71 152 11 111 176 48 93 20 141 184 
79 182 89 133 69 6 80 28 104 60 
140 54 108 169 117 39 27 90 15 93 
77 65 143 66 137 72 23 83 148 188 
84 151 28 121 79 68 143 22 159 101 
90 79 144 88 145 156 32 157 18 76 
182 143 63 52 153 198 112 167 129 23 
154 0 65 142 70 56 135 63 119 165 
127 73 150 70 81 120 34 86 97 84 
149 62 51 185 73 84 5 194 119 170 
99 45 129 15 119 53 144 72 61 131 
9 74 0 71 116 175 124 34 118 106 
59 139 68 93 70 20 107 174 118 129 
170 83 94 5 157 146 57 134 145 189 
2 148 106 95 84 59 71 193 78 67 
139 65 76 25 74 63 116 193 109 49 
92 29 101 42 105 44 156 111 9 156 
39 144 71 93 81 2 71 115 170 109 
56 67 143 132 169 124 42 93 26 163 
121 172 129 57 131 44 33 168 136 125 
167 110 47 100 89 78 94 80 62 138 
60 130 58 133 64 135 55 66 145 82 
93 40 137 23 70 115 15 137 189 178 
79 181 49 98 162 17 153 142 55 129 
180 97 22 83 184 197 73 62 127 40 
130 166 88 77 91 102 114 32 87 76 
178 110 51 100 71 82 147 83 149 44 
103 192 119 6 152 38 120 75 64 53 
98 48 37 93 106 159 104 36 135 197 
150 194 108 123 75 86 69 95 75 7 
69 140 191 81 146 88 99 87 143 187 
102 158 103 92 69 9 113 56 137 57 
70 81 92 44 125 60 71 145 80 144 
33 132 60 105 167 83 72 90 17 83 
11 155 33 93 107 166 31 20 133 57 
135 59 146 80 91 69 85 96 30 92 
104 168 123 8 128 62 142 1 68 138 
84 73 87 176 190 143 88 189 144 64 
136 95 68 16 164 84 21 123 174 109 
59 113 58 134 62 136 65 54 141 61 
133 60 112 48 97 83 67 137 62 73 
146 64 138 63 52 149 82 196 7 129 
85 74 124 165 102 91 68 92 79 90 
101 158 100 156 22 69 90 192 58 70 
141 68 79 145 81 198 117 73 119 31 
84 95 167 137 65 141 85 138 65 3 
137 63 111 198 70 21 114 172 184 110 
50 171 119 72 61 135 62 139 84 175 
56 44 153 90 78 67 118 11 0 69 
80 193 103 168 125 162 120 131 56 150 
82 93 73 98 86 141 24 101 157 19 
66 77 88 69 113 175 109 57 138 61 
137 188 86 75 8 122 165 136 177 124 
59 131 25 98 85 152 84 69 89 151 
83 94 68 90 22 155 102 157 103 71 
82 189 107 119 74 63 134 60 72 143 
36 91 43 57 139 66 140 85 68 87 
76 64 53 125 50 109 173 87 98 66 
144 70 81 148 159 102 46 129 64 145 
65 140 63 141 186 175 102 56 143 0 
59 137 64 134 61 72 83 70 95 71 
92 76 153 43 32 93 82 134 65 135 
63 136 58 139 63 75 15 26 88 68 
79 18 120 170 130 174 111 2 150 84 
12 128 44 96 85 74 62 133 169 116 
12 126 61 136 24 106 27 89 100 157 
24 98 110 172 119 130 167 132 61 50 
118 72 10 160 20 112 69 80 91 75 
147 74 85 73 94 71 60 136 59 133 
58 129 65 128 56 136 55 66 146 197 
72 94 83 9 64 139 65 143 154 39 
140 62 137 66 142 64 140 34 157 104 
158 105 159 103 57 71 82 181 128 139 
41 30 81 92 78 89 7 19 119 193 
180 169 126 198 145 73 121 1 69 142 
86 75 88 99 47 108 44 143 80 133 
61 142 67 78 179 91 77 90 79 96 
69 95 84 73 62 51 171 83 137 60 
135 64 141 66 136 62 138 59 70 81 
68 89 25 116 48 151 58 132 59 134 
80 91 68 93 72 95 68 96 70 85 
69 114 70 143 64 76 87 71 56 124 
57 112 54 65 79 13 89 195 105 160 
131 60 138 65 137 148 195 108 93 82 
67 138 66 77 88 178 73 147 61 72 
83 94 36 120 173 55 152 8 129 63 
75 63 52 133 60 132 57 133 59 139 
61 130 197 136 64 77 94 68 87 141 
69 93 70 58 137 63 75 148 82 71 
142 65 135 61 73 95 76 122 29 93 
104 160 102 91 70 90 101 59 135 58 
131 62 74 62 134 81 92 103 160 106 
117 71 95 80 69 145 63 138 64 133 
58 134 60 139 43 114 58 136 67 141 
65 79 90 68 92 79 195 147 72 89 
78 89 70 84 73 144 185 143 66 140 
67 144 68 140 65 144 188 103 32 143 
69 86 97 68 95 70 81 94 76 87 
98 46 105 157 3 111 59 137 61 138 
127 5 78 144 63 140 86 75 95 69 
97 148 86 69 139 62 135 60 109 154 
17 66 139 64 77 88 99 158 12 83 
71 88 72 94 69 85 74 62 133 61 
134 57 136 61 140 87 69 84 96 146 
65 136 59 149 86 97 150 36 171 183 
86 69 91 80 94 70 93 82 71 93 
68 91 76 64 140 152 28 157 4 193 
105 106 107 159 160 161 126 62 136 63 
135 65 138 62 137 66 142 63 139 56 
132 42 43 44 45 155 104 105 106 107 
182 183 184 185 186 87 76 93 81 92 
79 90 77 94 80 94 83 70 84 60 
72 96 70 81 92 73 84 72 145 62 
140 59 132 58 138 56 134 63 75 63 
141 66 136 64 115 72 94 73 62 74 
95 72 83 70 90 78 94 68 96 69 
85 74 63 133 60 136 62 132 61 131 
59 134 54 55 134 64 53 151 84 70 
89 100 155 28 29 17 18 19 20 21 
22 92 77 88 99 39 123 124 110 111 
189 190 191 192 193 194 195 196 75 86 
69 87 98 50 51 52 53 54 55 130 
173 174 175 176 177 178 179 137 65 141 
62 74 94 105 106 107 108 109 110 111 
112 113 57 131 142 65 139 67 97 70 
95 71 96 73 96 74 62 134 60 131 
58 133 59 135 64 77 1 2 3 4 
5 6 7 8 9 198 199 0 1 2 
3 4 5 6 7 8 9 10 155 156 
102 103 92 78 89 100 101 102 103 104 
93 69 88 77 64 138 59 129 130 57 
134 61 72 94 80 91 68 95 69 85 
96 79 90 77 94 69 87 76 64 139 
85 69 89 146 147 148 74 63 138 66 
83 94 81 135 82 93 70 91 71 60 
135 63 137 64 77 64 141 65 80 94 
72 95 68 92 76 92 69 86 69 144 
145 38 27 28 29 30 31 32 33 34 
35 36 37 38 39 40 41 42 43 44 
45 46 47 48 49 50 51 52 53 54 
55 128 64 77 88 71 96 68 93 71 
95 74 63 75 89 72 92 81 93 79 
96 84 70 196 197 198 199 0 1 2 
3 4 5 6 7 8 9 10 11 12 
13 80 91 78 94 68 142 67 143 65 
140 63 74 96 72 94 80 92 70 96 
79 90 70 83 72 96 71 82 93 70 
81 92 78 67 141 63 74 62 133 61 
73 62 135 65 139 61 62 74 85 73 
84 70 94 71 95 68 91 69 87 76 
94 69 93 81 82 83 71 87 69 85 
74 89 77 64 142 143 144 145 146 147 
148 149 150 151 152 153 154 155 156 104 
105 106 107 108 109 110 111 112 113 114 
115 116 117 118 119 120 121 122 123 124 
125 126 127 128 129 130 131 132 58 135 
63 135 136 137 60 140 67 68 94 80 
91 68 92 69 86 75 63 132 57 58 
59 137 66 140 64 138 139 140 141 142 
143 144 145 146 147 148 149 150 151 152 
153 154 155 156 157 158 159 160 161 162 
163 164 165 166 167 168 169 170 171 172 
173 174 175 176 177 178 179 180 181 182 
183 184 185 186 187 188 189 190 191 192 
193 194 195 196 197 198 199 0 1 2 
3 4 5 6 7 8 9 10 11 12 
13 14 15 16 17 18 19 20 21 22 
23 24 25 26 27 28 29 30 31 32 
33 34 35 36 37 38 39 40 41 42 
43 44 45 46 47 48 49 50 51 52 
53 54 55 56 57 58 59 60 132 133 
134 135 136 137 138 139 140 141 142 143 
144 145 146 147 148 149 150 151 152 153 
154 155 156 157 158 159 160 161 162 163 
164 165 166 167 168 169 170 171 172 173 
174 175 176 177 178 179 180 181 182 183 
184 185 186 187 188 189 190 191 192 193 
194 195 196 197 198 199 0 1 2 3 
4 5 6 7 8 9 10 11 12 13 
14 15 16 17 18 19 20 21 22 23 
24 25 26 27 28 29 30 31 32 33 
34 35 36 37 38 39 40 41 42 43 
44 45 46 47 48 49 50 51 52 53 
54 55 56 57 58 59 60 61 62 73 
96 79 80 81 82 83 84 73 88 70 
91 74 95 72 94 78 89 72 96 69 
85 86 69 87 88 77 64 76 77 78 
79 80 81 82 83 84 85 86 87 88 
89 90 91 92 93 70 95 15 16 17 
18 19 20 21 22 23 24 25 26 27 
28 29 30 31 32 33 34 35 36 37 
38 39 40 41 42 43 44 45 46 47 
48 49 50 51 52 53 54 55 56 57 
58 59 60 61 135 136 137 138 139 140 
141 142 143 144 145 146 147 148 149 150 
151 152 153 154 155 156 157 158 159 160 
161 162 163 164 165 166 167 168 169 170 
171 172 173 174 175 176 177 178 179 180 
181 182 183 184 185 186 187 188 189 190 
191 192 193 194 195 196 197 198 199 0 
1 2 3 4 5 6 7 8 9 10 
11 12 13 14 15 16 17 18 19 20 
21 22 23 24 25 26 27 28 29 30 
31 32 33 34 35 36 37 38 39 40 
41 42 43 44 45 46 47 48 49 50 
51 52 53 54 55 56 57 58 59 60 
61 62 63 64 65 66 67 68 95 69 
94 71 95 72 73 94 68 69 70 71 
93 94 95 96 73 74 75 76 77 78 
79 80 81 82 83 84 85 86 87 88 
89 90 91 92 93 94 95 76 95 76 
95 80 81 82 83 84 85 86 87 88 
89 90 91 92 93 94 95 76 95 