109 199 107 198 105 197 103 198 108 199 
105 189 106 198 104 197 102 198 109 3 
121 54 123 56 124 36 123 57 125 60 
126 61 125 37 126 59 125 62 127 38 
126 63 128 64 129 65 128 39 129 76 
138 84 151 83 147 89 146 83 148 81 
144 87 142 86 147 82 149 81 70 93 
76 141 87 146 85 147 84 144 90 71 
92 79 141 89 144 86 138 64 136 62 
138 85 152 83 150 84 148 85 144 88 
140 49 112 50 141 86 72 89 140 36 
139 61 133 60 121 2 120 3 110 0 
107 191 108 28 115 31 114 55 135 17 
136 60 181 59 138 63 135 64 6 125 
63 139 62 130 11 129 61 122 60 140 
87 147 80 149 84 73 85 142 51 178 
50 177 49 176 131 41 132 60 127 64 
184 61 120 60 139 89 157 98 22 99 
70 94 69 95 68 8 115 32 116 1 
109 4 122 3 119 73 88 147 81 150 
82 148 58 139 59 133 62 184 63 152 
89 138 47 111 194 92 70 87 143 52 
113 53 144 83 149 79 132 64 137 61 
140 90 146 88 141 36 142 89 185 61 
181 62 5 123 169 122 35 140 58 125 
64 163 65 136 63 142 88 77 150 80 
148 86 146 84 145 86 143 60 160 62 
137 89 69 97 21 96 68 156 98 68 
132 63 183 60 150 78 148 87 137 90 
141 63 161 61 182 60 184 65 130 40 
155 41 157 100 23 101 197 106 159 61 
135 174 128 10 72 91 136 45 170 128 
172 135 60 141 59 167 61 151 85 149 
86 140 64 134 62 162 60 185 93 69 
84 152 82 146 80 91 193 109 63 122 
170 135 90 142 37 143 88 145 54 136 
59 184 89 76 148 88 18 102 157 42 
156 65 139 90 138 60 166 119 1 117 
32 137 65 154 80 152 79 154 63 5 
121 74 118 2 117 72 116 8 67 131 
172 45 173 139 57 147 75 94 195 97 
196 102 69 91 137 180 62 126 173 47 
174 76 172 140 179 134 60 187 103 159 
59 168 62 158 60 130 66 7 125 164 
62 151 81 134 63 110 194 93 78 164 
116 71 115 56 136 92 17 86 137 63 
127 10 81 146 63 181 140 171 74 11 
122 171 85 145 82 154 66 136 57 159 
43 158 42 159 63 130 176 51 179 141 
91 71 171 135 59 186 60 180 134 175 
51 177 80 134 61 4 112 195 148 79 
151 82 144 62 182 58 167 60 159 67 
165 63 133 65 183 62 155 67 99 157 
101 155 104 69 96 144 63 121 75 86 
150 85 140 63 163 61 183 59 165 65 
157 63 143 89 145 87 71 95 137 92 
140 183 58 168 60 165 75 173 48 139 
64 124 63 111 163 76 154 52 182 51 
153 62 167 54 184 137 46 157 106 69 
100 22 112 69 157 81 92 135 173 49 
178 141 170 60 137 88 138 34 120 76 
167 40 166 64 162 65 181 134 89 37 
141 57 137 59 182 65 159 104 25 114 
70 9 127 65 160 73 94 20 95 70 
158 98 69 88 139 67 157 59 161 105 
157 80 145 90 143 85 153 81 152 78 
173 46 175 48 172 47 179 60 169 63 
131 61 136 185 59 187 93 137 96 136 
32 80 155 83 145 81 9 125 13 77 
169 59 166 58 169 61 132 176 142 177 
129 63 168 61 156 64 183 54 112 51 
127 174 134 59 149 87 74 156 67 130 
64 123 77 154 72 118 61 3 75 155 
106 160 50 162 45 174 77 92 138 91 
140 180 61 165 77 152 87 150 79 146 
62 159 72 156 66 158 63 182 57 169 
56 185 57 166 61 160 59 180 58 185 
137 94 83 138 87 181 50 130 58 181 
51 109 30 108 157 64 141 85 139 66 
166 63 108 69 101 147 63 162 61 141 
190 142 84 154 74 161 65 158 68 139 
86 151 80 14 97 137 31 116 7 114 
24 102 155 78 153 76 155 63 164 50 
169 44 171 59 178 142 91 135 93 71 
83 34 163 45 169 62 4 120 74 158 
89 148 77 157 61 171 141 66 157 73 
90 79 145 91 133 64 159 31 135 44 
160 63 112 156 76 158 71 60 163 47 
178 134 182 55 169 42 97 147 79 94 
39 93 186 58 184 93 138 61 170 58 
165 117 36 162 66 129 81 154 85 35 
136 89 149 88 136 94 64 160 67 140 
182 56 2 57 167 63 116 5 77 155 
79 153 83 141 62 166 65 155 68 157 
103 69 105 28 107 157 71 155 73 146 
102 16 134 183 57 180 48 176 61 179 
76 122 64 161 62 163 59 170 48 177 
79 143 80 144 65 167 49 174 48 157 
104 162 71 156 78 154 108 155 105 159 
66 163 49 166 53 161 66 165 57 184 
56 166 50 110 193 89 151 78 149 90 
136 67 158 69 99 143 83 132 62 185 
55 136 93 75 157 70 96 145 64 165 
37 88 150 89 19 95 148 90 182 64 
169 48 171 58 172 44 162 59 164 61 
72 157 76 87 154 86 152 76 160 68 
159 69 113 164 65 7 78 157 85 137 
98 146 96 141 82 143 81 155 66 160 
69 80 9 69 156 73 154 70 159 34 
119 74 144 91 139 87 151 77 153 75 
158 72 94 135 95 143 91 78 145 72 
155 74 2 154 75 116 33 160 58 177 
47 175 49 169 51 163 58 164 67 161 
60 157 62 165 53 183 52 166 54 1 
118 6 124 79 144 60 172 49 171 46 
174 58 158 64 164 57 181 53 168 56 
165 68 161 69 107 155 85 74 159 71 
144 78 147 91 150 74 157 111 69 162 
67 138 94 77 149 92 139 84 140 62 
170 49 161 51 167 39 165 55 163 56 
180 49 109 69 155 103 158 61 127 79 
125 81 15 133 92 134 58 161 73 60 
164 66 182 54 180 63 156 77 130 61 
187 140 65 134 82 153 90 147 74 153 
87 155 82 93 139 99 145 102 160 70 
156 75 12 93 73 159 101 142 80 153 
89 36 165 50 173 51 171 45 177 54 
169 46 178 48 109 50 168 52 164 56 
112 1 153 84 141 81 139 96 135 58 
162 68 163 57 160 72 163 67 168 54 
165 51 168 57 140 184 55 166 48 179 
56 141 92 144 193 62 121 73 158 59 
143 78 89 70 162 57 132 74 148 91 
149 76 150 90 151 88 152 74 145 103 
24 113 197 107 29 133 58 159 76 151 
74 88 38 168 55 167 53 171 47 176 
46 172 43 169 53 177 60 142 92 147 
77 62 110 162 73 153 70 155 64 167 
66 140 93 80 156 84 155 86 153 64 
117 73 62 131 58 3 60 156 62 135 
57 177 52 170 50 175 45 168 102 148 
98 141 93 17 91 146 78 125 72 161 
70 163 54 164 69 90 36 164 55 162 
118 167 52 169 47 180 55 137 58 157 
86 135 65 138 96 84 143 61 194 146 
77 158 106 19 94 146 105 18 94 140 
96 142 64 168 65 6 122 79 120 7 
157 83 154 71 161 103 153 72 83 142 
191 100 86 36 118 77 31 160 75 152 
105 27 160 71 163 69 165 52 171 63 
74 160 99 21 108 153 88 70 167 56 
159 10 122 74 149 95 12 130 78 121 
166 67 190 61 114 157 79 156 59 124 
61 78 158 56 162 72 151 91 153 92 
39 169 38 165 49 181 56 170 47 167 
67 142 57 138 79 128 62 171 50 174 
44 106 150 100 146 64 111 56 94 71 
165 47 107 160 101 149 96 147 76 119 
33 137 187 62 194 94 81 132 85 97 
138 33 82 136 58 141 78 139 35 115 
3 59 131 60 171 57 133 85 156 82 
11 90 152 198 68 164 53 187 65 169 
41 170 63 177 55 183 137 56 67 145 
60 175 43 168 66 135 77 160 105 156 
81 127 50 176 44 170 65 186 136 85 
159 75 148 73 164 70 168 68 166 69 
154 90 19 164 92 145 65 141 100 161 
119 6 126 174 51 166 26 104 146 101 
158 79 123 7 83 139 95 153 69 189 
90 74 162 77 144 58 69 167 68 94 
141 181 48 168 34 116 155 88 132 59 
179 55 171 66 169 67 22 109 157 110 
69 140 59 177 44 173 62 3 125 4 
76 64 53 184 91 16 84 134 79 129 
178 87 99 151 75 163 73 120 75 150 
93 188 62 109 192 61 142 79 159 88 
71 166 73 151 102 158 100 147 93 144 
69 92 19 131 66 173 61 195 146 74 
116 166 129 86 9 118 0 113 153 71 
82 12 76 13 114 3 124 171 64 17 
102 162 75 144 61 186 62 172 50 179 
58 178 62 123 59 190 63 172 127 47 
168 120 163 74 164 72 169 40 95 147 
72 152 101 86 131 26 158 81 142 77 
159 78 136 87 156 115 63 179 49 128 
60 193 61 5 64 154 89 35 121 72 
167 71 164 51 170 66 148 72 165 70 
84 98 20 99 163 29 95 36 116 62 
51 172 59 145 75 161 101 144 73 165 
27 131 79 119 77 117 33 162 54 137 
76 162 106 161 89 100 139 82 160 108 
48 164 49 168 46 164 110 153 98 161 
77 143 66 193 146 71 26 105 173 56 
157 112 53 174 43 92 16 128 161 13 
95 142 94 37 92 38 143 65 126 52 
179 54 65 172 124 8 77 91 15 115 
167 50 180 51 113 196 63 173 64 185 
63 113 2 107 61 155 60 124 58 132 
31 157 82 121 77 139 80 141 67 182 
137 83 134 57 179 133 21 160 104 91 
162 78 163 53 182 50 63 81 122 167 
127 74 165 25 115 157 54 128 56 138 
58 126 81 97 70 59 176 57 156 99 
147 65 171 67 143 64 75 86 133 166 
101 156 106 28 95 188 139 79 133 52 
111 196 146 75 149 72 166 114 197 61 
145 77 163 30 135 34 121 160 103 154 
62 176 64 112 57 157 4 60 152 93 
77 140 95 82 9 129 51 131 13 93 
38 91 70 100 111 0 151 199 115 60 
178 55 139 189 143 68 169 69 168 44 
167 104 153 68 24 164 90 159 112 12 
124 76 161 90 78 142 71 10 117 157 
87 37 96 151 113 56 177 131 56 146 
66 137 81 135 33 169 126 64 170 57 
144 40 90 132 14 85 102 153 65 193 
63 175 86 161 82 15 63 188 104 115 
70 150 73 147 98 138 99 142 192 89 
14 95 144 64 172 42 132 87 15 127 
57 131 179 53 178 52 41 94 23 102 
170 67 187 58 173 54 131 28 162 107 
43 171 98 166 75 122 78 120 35 116 
167 48 165 104 170 68 79 137 84 64 
148 197 130 85 161 110 158 108 150 72 
0 115 74 123 11 72 144 66 77 7 
127 59 194 91 152 69 139 76 146 157 
93 106 164 128 117 37 148 92 18 96 
157 25 89 77 4 63 145 62 76 94 
143 154 68 141 70 166 135 88 182 193 
64 110 156 103 163 90 155 55 181 132 
56 135 84 95 73 143 58 129 60 176 
58 113 195 64 115 165 44 144 67 185 
85 69 142 65 81 140 167 30 132 121 
165 79 33 168 119 75 140 79 30 156 
6 127 83 183 67 152 141 95 145 41 
159 109 160 32 139 56 134 55 176 138 
95 23 114 2 112 55 174 186 137 82 
162 15 65 150 63 52 180 64 189 62 
191 91 80 158 105 163 50 39 168 73 
149 71 96 143 62 107 70 98 151 105 
70 142 68 57 172 61 146 99 88 157 
90 79 63 187 94 28 120 172 66 184 
135 89 9 121 104 17 117 74 142 72 
84 158 90 101 70 119 108 162 97 140 
178 57 129 53 175 87 25 101 150 98 
154 67 7 154 60 123 6 79 162 99 
150 56 133 34 139 33 120 17 85 134 
86 10 91 160 89 156 91 20 66 55 
159 123 171 68 140 56 176 52 127 173 
187 91 154 93 155 59 130 178 137 148 
57 116 160 22 93 68 97 194 144 55 
138 77 137 73 145 58 175 125 42 88 
13 120 109 158 83 94 35 86 71 60 
174 133 182 141 55 111 199 71 168 139 
98 155 144 68 138 66 0 153 61 72 
90 16 163 52 174 140 99 44 56 130 
57 43 161 102 113 60 78 118 73 1 
75 138 82 126 79 135 82 158 107 190 
104 161 83 136 165 110 61 196 65 189 
100 169 121 76 164 77 88 154 97 165 
127 49 110 55 173 65 5 67 23 110 
199 181 54 138 18 65 132 12 63 186 
68 137 67 148 70 82 93 11 81 92 
151 66 142 62 108 29 162 103 56 174 
125 111 161 54 176 123 58 142 59 114 
71 169 103 91 37 162 128 82 140 70 
112 0 116 165 124 57 158 88 156 45 
167 180 53 188 66 145 69 87 159 80 
96 19 97 150 198 112 21 93 15 101 
145 98 74 85 172 69 80 163 102 159 
107 168 72 95 75 87 133 163 79 164 
35 118 76 134 54 178 61 115 163 107 
154 110 31 80 190 64 197 184 82 125 
20 160 131 168 101 154 59 175 52 38 
94 151 139 75 167 132 54 135 146 67 
78 160 12 85 96 156 90 26 87 179 
168 111 53 133 54 143 98 72 119 60 
153 66 147 62 177 132 80 162 88 161 
46 167 138 149 63 153 56 178 132 20 
107 96 152 61 74 89 194 181 137 37 
48 94 30 137 78 32 158 116 4 67 
147 64 187 66 98 86 23 69 143 71 
147 69 138 80 92 154 44 137 75 123 
166 109 61 147 103 165 46 170 121 15 
116 3 77 124 158 99 141 69 183 91 
155 58 122 166 43 59 71 145 68 146 
65 192 78 123 164 104 156 40 143 72 
146 97 143 70 81 136 53 109 58 191 
82 71 97 155 89 162 48 158 115 197 
108 61 1 155 109 161 107 118 75 92 
76 2 124 136 177 86 34 122 133 80 
122 168 137 163 104 57 146 70 144 97 
74 189 66 186 64 136 79 180 133 169 
117 76 87 158 85 70 113 61 148 101 
151 60 173 128 57 143 39 105 162 35 
49 125 56 156 145 93 81 70 83 72 
140 63 75 141 77 134 66 199 152 102 
156 86 69 170 42 142 98 112 152 62 
73 84 22 134 184 68 91 164 112 62 
80 91 161 108 159 46 107 93 156 97 
152 92 165 133 61 87 17 163 33 166 
47 157 55 130 10 83 94 74 166 76 
65 174 59 129 55 170 85 74 95 84 
32 133 59 135 64 138 62 136 65 141 
63 135 43 148 160 25 97 73 126 56 
109 52 132 55 131 78 89 180 131 87 
135 53 132 60 146 95 159 89 71 120 
166 105 116 169 129 196 145 100 149 62 
134 52 181 85 69 94 78 90 70 145 
104 158 86 75 90 194 127 113 57 134 
177 137 62 135 29 18 136 61 50 150 
92 155 57 133 60 117 34 115 166 134 
64 139 61 72 97 76 88 77 60 191 
57 135 65 140 62 73 167 27 71 98 
159 126 14 79 91 74 63 138 65 139 
66 140 100 156 83 137 65 148 99 153 
67 79 92 103 70 56 144 59 132 58 
133 176 53 172 82 93 72 115 171 106 
163 97 20 21 98 149 58 114 64 113 
1 60 189 175 130 119 169 120 53 130 
169 114 0 60 188 74 63 134 145 79 
90 69 95 70 94 80 135 61 137 57 
149 68 187 188 67 141 66 136 63 133 
62 174 57 131 85 164 114 72 92 81 
70 102 154 104 70 93 71 82 13 14 
15 95 16 17 95 72 83 151 63 110 
52 94 71 58 135 60 134 61 132 62 
139 37 38 39 122 111 96 158 114 115 
164 118 71 117 118 119 167 41 106 196 
197 198 199 0 1 2 60 137 59 138 
61 72 87 76 90 70 83 94 73 84 
131 59 136 60 84 186 94 77 89 100 
148 97 70 88 72 91 80 165 78 89 
69 98 70 89 163 91 73 62 134 53 
131 58 134 59 132 63 139 166 167 98 
99 152 85 74 86 141 64 133 55 128 
168 169 170 171 172 103 104 105 106 107 
108 56 135 65 142 63 137 64 142 66 
143 67 140 61 133 63 138 60 195 196 
197 198 199 0 1 2 3 4 5 6 
7 8 9 10 11 12 13 14 15 16 
17 18 93 76 165 166 167 120 121 122 
73 84 70 91 78 93 82 71 95 151 
152 153 154 100 101 102 147 60 139 85 
69 80 94 70 83 69 86 75 95 73 
92 71 97 72 94 69 93 81 92 80 
94 77 88 145 146 147 148 96 54 175 
176 177 178 179 180 87 143 64 136 65 
140 55 136 61 141 65 134 63 135 61 
139 66 137 56 138 66 140 64 134 55 
135 64 141 142 67 68 97 69 85 86 
69 89 78 79 90 102 103 104 105 106 
107 108 109 110 111 162 163 164 165 166 
167 168 169 170 171 172 173 134 57 132 
56 133 62 137 63 140 62 136 57 58 
138 65 143 93 71 113 114 115 116 117 
118 119 120 121 122 123 41 42 43 44 
45 46 47 161 162 163 164 165 166 167 
168 169 170 171 172 173 174 175 176 177 
178 179 180 181 182 183 184 185 186 187 
188 189 190 191 192 193 194 195 196 197 
198 199 0 1 2 3 4 5 6 7 
8 9 10 11 12 13 14 15 16 17 
18 19 20 21 95 74 90 71 95 75 
87 134 135 62 132 60 133 134 135 136 
56 131 132 133 134 135 136 150 151 152 
153 154 155 156 144 63 64 136 66 140 
65 139 62 138 65 136 137 138 139 140 
141 142 62 127 53 54 55 56 57 58 
59 139 140 141 142 143 144 82 83 84 
85 86 87 70 97 72 92 69 95 70 
93 73 97 72 61 62 73 94 95 96 
97 69 91 80 81 82 83 84 85 86 
87 88 89 90 91 92 93 94 95 96 
97 98 99 100 101 102 103 104 105 106 
107 108 109 110 111 112 113 114 115 116 
117 118 119 120 121 122 123 124 125 126 
127 128 129 130 131 132 133 134 135 136 
137 138 139 140 141 142 143 144 145 146 
147 148 149 150 151 152 153 154 155 156 
157 158 159 160 161 162 163 164 165 166 
167 168 169 74 